00030010001000006
00030010002000001
00030010003000009
00030010004000010
00030010005000010
00030010006000006
00030010007000013
00030010008000002
00040010001000005
00040010002000001
00040010003000008
00040010004000007
00040010005000007
00040010006000006
00040010007000009
00040010008000002
00040020001000001
00040020002000000
00040020003000001
00040020004000003
00040020005000002
00040020006000000
00040020007000004
00040020008000000
00050010001000002
00050010002000000
00050010003000002
00050010004000003
00050010005000009
00050010006000001
00050010007000003
00050010008000001
00050020001000003
00050020002000001
00050020003000007
00050020004000007
00050020005000001
00050020006000005
00050020007000010
00050020008000001
00060010001000003
00060010002000001
00060010003000006
00060010004000009
00060010005000005
00060010006000003
00060010007000005
00060010008000000
00060020001000003
00060020002000000
00060020003000003
00060020004000001
00060020005000005
00060020006000003
00060020007000008
00060020008000002
