00030010001000115
00030010002000021
00030010003000075
00030010004000299
00030010005000149
00030010006000069
00030010007000197
00030010008000064
00040010001000038
00040010002000005
00040010003000042
00040010004000136
00040010005000060
00040010006000036
00040010007000050
00040010008000034
00040020001000077
00040020002000016
00040020003000033
00040020004000163
00040020005000089
00040020006000033
00040020007000147
00040020008000030
00050010001000082
00050010002000015
00050010003000044
00050010004000171
00050010005000080
00050010006000040
00050010007000120
00050010008000037
00050020001000027
00050020002000006
00050020003000028
00050020004000107
00050020005000056
00050020006000029
00050020007000066
00050020008000023
